***TITLE
Array explorer
***SCREENSHOT
images/ArrayChooser.png
***PROLOGUE
This component allows an analyst to compare the rows and columns of an array of data.
***CODE

var column_names = ['Th0_0.5h_1_1', 'Th0_14h_4_1', 'Th0_16h_1_1', 'Th0_16h_7_1', 'Th0_18h_5_1', 'Th0_1h_1_1', 
    'Th0_20h_5_1', 'Th0_20h_6_1', 'Th0_25h_6_1', 'Th0_2h_2_1', 'Th0_2h_7_1', 'Th0_30h_6_1', 'Th0_30h_9_1', 
    'Th0_36h_6_1', 'Th0_42h_6_1', 'Th0_42h_7_1', 'Th0_48h_6_1', 'Th0_4h_3_1', 'Th0_54h_6_1', 'Th0_54h_7_1'];
var row_names = ['0610007p14rik', '0610012g03rik', '1190002n15rik', '1500010j02rik', '1700081l11rik', 
    '2010002n04rik', '2010109k11rik', '2310004i24rik', '2310008h04rik', '2310033p09rik', '2610019f03rik', 
    '2810021b07rik', '3110003a17rik', '3110057o12rik', '4632428n05rik', '4930420k17rik', '4930583h14rik']
var array = [
    [-1.4,0.3,0.1,0.4,0.3,-1.7,0.5,0.3,0.5,-1.7,-2.2,0.3,0.2,0.3,0.8,1.2,1.1,-1.0,0.9,1.1,],
    [-0.2,0.7,1.2,1.4,1.4,0.0,0.5,1.1,0.0,-0.8,-1.6,-0.0,-1.3,-0.2,-0.5,-0.6,-0.2,-2.4,0.7,0.8,],
    [0.6,-0.8,-0.1,-0.7,-1.0,0.8,0.3,-0.9,-0.1,-0.5,-0.7,-1.0,0.2,0.8,0.8,0.8,3.0,-1.7,-0.1,0.4,],
    [-1.2,-0.1,-0.5,-0.5,-0.3,-1.1,-0.1,0.5,0.4,-1.4,-1.8,0.5,0.4,0.5,0.9,0.8,1.6,-1.5,1.3,1.6,],
    [1.9,-0.5,-0.6,-0.3,-0.0,1.8,-0.7,-0.3,-0.8,1.9,1.8,-0.5,-0.5,-0.7,-0.8,-0.7,-0.6,1.0,-0.6,-0.7,],
    [-1.2,1.2,-1.3,-0.7,0.9,-0.1,-0.6,-0.3,-1.2,0.5,1.0,-0.2,-0.8,-1.1,-0.6,-0.2,2.3,1.7,0.1,0.5,],
    [0.7,-0.3,-0.1,0.1,-1.0,0.5,0.8,-0.7,0.2,1.6,-1.4,-0.1,0.9,-0.2,0.2,1.4,-3.1,-0.0,-0.1,0.7,],
    [-1.5,0.5,-0.0,0.6,0.6,-0.8,-0.4,0.1,-0.8,-0.1,-0.4,-0.7,-0.9,-0.3,0.7,0.8,1.1,-2.2,1.8,1.9,],
    [-0.3,-0.2,0.0,0.4,-0.4,-0.8,0.3,-0.5,0.8,-1.2,-2.7,0.1,0.4,-0.0,0.5,0.7,2.6,-0.9,0.5,0.6,],
    [-1.1,0.6,1.0,0.1,0.6,0.1,1.7,0.7,0.9,-0.3,0.9,0.5,0.4,0.2,-0.3,-1.0,-1.1,0.4,-1.8,-2.4,],
    [1.6,-0.6,-0.4,-0.6,-0.5,2.1,-0.7,-0.3,-0.7,2.3,1.6,-0.8,-0.6,-0.6,-0.6,-0.4,-0.6,0.7,-0.6,-0.4,],
    [-1.3,0.8,1.0,1.2,1.0,-2.1,0.7,-0.5,-0.1,-0.6,-0.9,0.4,0.4,0.3,0.3,0.3,-0.0,-2.4,0.1,1.1,],
    [1.8,-0.8,0.0,-0.6,-1.5,0.8,-0.0,-0.7,0.6,1.2,1.5,0.4,0.7,0.5,-0.3,-0.9,-1.6,1.2,-1.3,-1.1,],
    [0.0,-0.8,-0.7,-0.5,-0.3,-0.9,-0.5,-0.9,-0.4,-0.4,-0.7,-0.3,-0.4,1.0,1.0,0.9,3.3,-0.7,0.3,1.0,],
    [0.9,0.6,0.4,0.3,0.4,1.0,-0.3,0.2,-1.0,1.4,1.9,-1.0,-1.0,-1.1,-1.0,-0.8,-0.5,1.8,-1.2,-1.0,],
    [-0.2,-1.8,-1.0,-0.4,-1.0,1.0,-0.3,-0.6,0.3,1.1,0.2,0.1,0.0,-0.3,0.6,1.8,0.2,-2.2,0.7,1.6,],
    [-0.6,-0.4,-0.7,-0.5,-0.7,-0.3,-0.4,-0.5,-0.5,-0.8,-0.5,-0.5,-0.4,0.1,0.6,0.7,3.5,-0.6,1.2,1.3,],
    ];
var array_config = {
    array: array,
    column_names: column_names,
    row_names: row_names,
};
element.empty();
var canvas_config = {
    width: 900,
    height: 700,
};
element.dual_canvas_helper(canvas_config);
element.array_explorer(array_config);
***DISCUSSION
This widget allows the user to interactively example a data array.
<p>
Click an entry to change the currently selected row and column.  Use the multi-select button to fix
multiple row/column pairs for comparison.  Click and drag to select a subsection of the array.
